avg_reprojection_error: 0.0900263981670655
camera_matrix:
- - 718.3001125416795
  - 0.0
  - 541.9165265972254
- - 0.0
  - 718.6058776460138
  - 394.4913061821494
- - 0.0
  - 0.0
  - 1.0
distortion_coefficients:
- - -0.4296180262147999
  - 0.2319621299123042
  - -0.002717079899942763
  - -0.0029171929939725266
  - -0.07496744273594261
image_height: 1000
image_width: 1000
