avg_reprojection_error: 0.11917619922897296
camera_matrix:
- - 773.9661824550858
  - 0.0
  - 497.16863047421526
- - 0.0
  - 748.890511827299
  - 313.97241497415234
- - 0.0
  - 0.0
  - 1.0
distortion_coefficients:
- - -0.5165385076686838
  - 0.4183507536777392
  - 0.030729277055561728
  - -0.0001470318823505881
  - -0.21432376637710196
image_height: 1000
image_width: 1000
