avg_reprojection_error: 0.08116923727874815
camera_matrix:
- - 724.4934853780587
  - 0.0
  - 506.3000573185378
- - 0.0
  - 725.3654802431791
  - 403.4667184531937
- - 0.0
  - 0.0
  - 1.0
distortion_coefficients:
- - -0.442113085869741
  - 0.25177117977580077
  - -0.0010211231598122761
  - 0.0008843820307213207
  - -0.08537098208859606
image_height: 1000
image_width: 1000
