avg_reprojection_error: 0.1679316673733216
camera_matrix:
- - 560.5869422799598
  - 0.0
  - 390.5407513962651
- - 0.0
  - 582.7665014701196
  - 277.6244841064311
- - 0.0
  - 0.0
  - 1.0
distortion_coefficients:
- - -0.3915514483927058
  - 0.22641623262584598
  - -0.019083662675834175
  - 0.003193425833205533
  - -0.0931250008344468
image_height: 800
image_width: 800
