avg_reprojection_error: 0.19524467246140417
camera_matrix:
- - 569.7145746987942
  - 0.0
  - 412.26873308819773
- - 0.0
  - 583.186831308885
  - 265.71209203251107
- - 0.0
  - 0.0
  - 1.0
distortion_coefficients:
- - -0.382950596530067
  - 0.1338964675266776
  - -0.009223747846475871
  - -0.0035249329152127855
  - 0.020327283724100566
image_height: 800
image_width: 800
