avg_reprojection_error: 0.20023488298862735
camera_matrix:
- - 577.9058601080143
  - 0.0
  - 439.95468697325305
- - 0.0
  - 588.7649412364752
  - 282.18776292746435
- - 0.0
  - 0.0
  - 1.0
distortion_coefficients:
- - -0.40603024227219114
  - 0.20135439720150103
  - -0.006632160572767385
  - -0.0055271444408332504
  - -0.059461091159404296
image_height: 800
image_width: 800
