avg_reprojection_error: 0.15875914530464127
camera_matrix:
- - 1131.7977625797423
  - 0.0
  - 743.2724930027549
- - 0.0
  - 1140.00276820029
  - 603.8164620379827
- - 0.0
  - 0.0
  - 1.0
distortion_coefficients:
- - -0.41671583451780986
  - 0.21865215824877773
  - -0.00447105878209475
  - 0.003594994895403542
  - -0.07198944179207976
image_height: 1200
image_width: 1200
