avg_reprojection_error: 0.14018379077092122
camera_matrix:
- - 1137.8329164350846
  - 0.0
  - 686.8924221763625
- - 0.0
  - 1143.113575520087
  - 609.2790944561733
- - 0.0
  - 0.0
  - 1.0
distortion_coefficients:
- - -0.42229164694599736
  - 0.2104847028995971
  - -0.0022384585372127747
  - 0.0054222271414143906
  - -0.059245945568211104
image_height: 1200
image_width: 1200
