avg_reprojection_error: 0.1558624243820902
camera_matrix:
- - 1136.1209308818245
  - 0.0
  - 720.4837060439182
- - 0.0
  - 1144.6182119863986
  - 579.0556431735913
- - 0.0
  - 0.0
  - 1.0
distortion_coefficients:
- - -0.4270876200732554
  - 0.24426639023509344
  - 0.00046086629393530626
  - 0.004153346424611297
  - -0.08849622558086813
image_height: 1200
image_width: 1200
